3145 404 222 224 245 94 50 45 23 6 4 6 23 10 5 1 
24 9 6 16 11 11 4 9 1 2 1 1 2 2 1 4 
242 36 40 27 105 82 42 78 9 1 1 0 5 6 6 8 
4 2 2 1 11 6 3 12 0 0 0 0 1 1 3 7 
46 11 6 3 13 4 3 4 26 10 6 7 21 12 2 9 
1 1 0 0 1 0 0 1 1 0 0 0 3  0 0 2 
49 6 2 8 16 10 9 12 18 1 1 2 25 22 10 8 
0 0 0 0 1 1 0 3 0 0 1 1 10  3 3 9 
37 11 8 16 14 10 9 8 1 0 0 0 1 1 0 0 
24 14 8 13 16 12 7 16 1 0 0 3 3 2 1 4 
64 15 12 20 30 37 23 63 2 0 1 0 4 5 2 7 
13 10 7 16 31 67 19 93 1 2 0 1 8 10 6 21 
3 0 2 0 3 2 1 2 1 0 0 1 6 3 1 3 
1 0 1 0 2 1 0 2 1 3 1 1 12 2 2 3 
48 6 3 8 14 16 0 17 7 5 2 0 21 12 9 8 
6 1 1 2 16 18 9 26 5 0 2 4 36 45 23 126 
